#RUN  NP   E_e       dE_e   S_e       dS_e     E_p       dE_p   S_p       dS_p   
 1   1  1838.644  0.205  1631.333 257.352    1839.728  0.236  1343.347 280.894 
 2   1  1838.592  0.118  1014.939 152.447    1840.079  0.126  1063.016 143.672 
 3   3  1841.762  0.118   952.537 161.643    1841.518  0.101   942.429 128.024
 4   5  1843.641  0.105   829.842 144.319    1843.051  0.095   892.049 117.061 
 5   7  1844.671  0.136  1270.200 167.535    1844.287  0.154   534.197 203.446  
 6   9  1848.890  0.129  1441.262 154.035    1848.194  0.210  1452.788 293.424 
 7   1  1838.810  0.114  1235.315 140.905    1838.163  0.089   791.284 142.623 
 8   2  1841.394  0.117  1135.286 147.812    1840.847  0.092  1026.043 127.246
 9   4  1842.133  0.099  1104.802 132.737    1841.779  0.097  1007.648 137.537 
10   5  1843.514  0.110  1120.699 148.721    1842.949  0.095  1047.863 113.161
11   6  1844.176  0.143  1061.248 178.018    1843.395  0.100  1066.026 140.403
12   8  1845.554  0.101   963.025 130.060    1844.979  0.089   881.476 123.735
13   9  1847.032  0.134  1259.295 165.233    1846.485  0.103  1083.543 140.055
