#RUN  NP   E_e       dE_e   S_e       dS_e     E_p       dE_p   S_p       dS_p   
 1   1  1838.686  0.195  1612.958 259.224    1839.699  0.225  1379.686 276.329  
 2   1  1838.576  0.112  1022.875 151.938    1839.995  0.123  1073.857 143.662  
 3   3  1841.764  0.113   958.573 160.423    1841.500  0.094   955.571 126.599  
 4   5  1843.559  0.100   846.960 142.118    1843.078  0.089   885.384 117.673  
 5   7  1844.583  0.133  1286.089 165.215    1844.314  0.152   519.776 206.650  
 6   9  1848.887  0.126  1443.520 153.315    1848.153  0.209  1466.831 292.183  
 7   1  1838.827  0.111  1237.010 140.467    1838.135  0.085   795.685 141.732  
 8   2  1841.358  0.114  1129.651 148.381    1840.811  0.089  1040.007 125.901  
 9   4  1842.141  0.096  1088.791 134.278    1841.790  0.092  1009.931 137.275  
10   5  1843.489  0.107  1121.406 148.758    1842.991  0.089  1056.755 112.280  
11   6  1844.181  0.141  1065.230 177.801    1843.380  0.098  1068.866 140.264  
12   8  1845.492  0.097   972.044 129.028    1844.983  0.085   876.276 123.962  
13   9  1847.009  0.131  1271.877 163.622    1846.480  0.099  1085.998 139.933  
