#RUN  NP   E_e       dE_e   S_e       dS_e     E_p       dE_p   S_p       dS_p   
 1   1  1838.329  0.178  2008.874 236.530  1839.732  0.202  1338.591 259.497
 2   1  1838.601  0.105  1099.563 142.269  1840.007  0.113  1147.115 143.992
 3   3  1841.663  0.109  1105.561 171.193  1841.537  0.091   993.164 125.044 
 4   5  1843.628  0.096   916.895 135.295  1843.052  0.086   943.104 116.577
 5   7  1844.476  0.119  1475.036 161.087  1844.195  0.149   717.489 197.040
 6   9  1848.852  0.110  1529.742 149.863  1848.246  0.182  1484.025 277.534 
 7   1  1838.676  0.100  1385.804 135.757  1838.138  0.083   916.544 138.798
 8   2  1841.257  0.104  1342.801 141.446  1840.811  0.083  1130.024 122.462 
 9   4  1842.145  0.089  1171.113 132.604  1841.719  0.088  1146.171 133.326 
10   5  1843.370  0.098  1340.055 141.227  1842.891  0.084  1156.128 109.589
11   6  1844.091  0.127  1199.701 169.828  1843.412  0.089  1134.249 132.210
12   8  1845.469  0.091  1111.177 123.340  1844.949  0.082  1012.024 119.464
13   9  1847.042  0.113  1329.686 151.028  1846.542  0.090  1123.197 131.829
