 0        72.159       3088.62      0.191045       920.005       209.941           347         13241          1186      0.999946
 1       124.682        3094.8      0.122293       1023.81       118.524         16535         22922          1972      0.999946
 2       78.5942       3095.12      0.157705       1054.14       98.6122         10725         14326          1260      0.999946
 3       174.814       3096.26     0.0967602       1012.48       76.1275         91993         32651          2613      0.999945
 4        126.67       3097.12      0.103664       1050.42       62.2297         56728         19708          1687      0.999945
 5       72.1796       3097.45      0.153723       1074.83        58.027         38518         13588          1158      0.999945
 6       193.523       3097.91      0.107922       1098.79       52.5007         73805         35241          3062      0.999945
 7       60.7352       3098.33      0.134547       1105.41       49.7273         13272         11179          1002      0.999945
 8       135.921       3098.78      0.121247       1076.39       46.8792         29738         24634          2263      0.999945
 9       290.774       3103.78      0.113385       1124.62       49.4866          7853         52785          4789      0.999945
