#run scan  point     W, MeV   dE, MeV  lum, nb^-1   BES runs list
  0  1     1       3677.872     0.241  104.561    20334  20335  
  1  1     1       3678.055     0.146  464.741    20339  20336 
  2  1     3       3682.836     0.141  330.082    20340  20341 
  3  1     5       3686.298     0.124  360.3861   20344  20342  20343  
  4  1     7       3688.277     0.192  339.514    20346  20347  
  5  1     9       3696.883     0.176  339.000    20350  20348  20349  
  6  2     1       3676.428     0.128  230.509    20353  20354  
  7  2     2       3681.665     0.131  239.3696   20357  20355 
  8  2     4       3683.509     0.122  302.043    20358  20359  
  9  2     5       3686.004     0.126  272.106    20361  20360  
 10  2     6       3687.093     0.155  283.544    20362  20363 
 11  2     8       3690.152     0.117  325.140    20365  20364 
 12  2     9       3693.086     0.143  354.908    20366  20367 
